TXid, StartTime, EndTime, ResponseTime, Aborted
256, 1636484855191, 1636484855803, 612
257, 1636484855804, 1636484856420, 616
258, 1636484856420, 1636484857031, 611
259, 1636484857031, 1636484857643, 612
260, 1636484857643, 1636484858251, 608
261, 1636484858251, 1636484858859, 608
262, 1636484858859, 1636484859467, 608
263, 1636484859467, 1636484860083, 616
264, 1636484860083, 1636484860691, 608
265, 1636484860691, 1636484861303, 612
266, 1636484861303, 1636484861919, 616
267, 1636484861919, 1636484862535, 616
268, 1636484862535, 1636484863147, 612
269, 1636484863147, 1636484863759, 612
270, 1636484863759, 1636484864371, 612
271, 1636484864371, 1636484864983, 612
272, 1636484864983, 1636484865595, 612
273, 1636484865595, 1636484866207, 612
274, 1636484866207, 1636484866819, 612
275, 1636484866819, 1636484867435, 616
276, 1636484867435, 1636484868047, 612
277, 1636484868048, 1636484868663, 615
278, 1636484868663, 1636484869271, 608
279, 1636484869271, 1636484869883, 612
280, 1636484869883, 1636484870495, 612
281, 1636484870495, 1636484871107, 612
282, 1636484871107, 1636484871727, 620
283, 1636484871727, 1636484872335, 608
284, 1636484872335, 1636484872943, 608
285, 1636484872943, 1636484873555, 612
286, 1636484873555, 1636484874163, 608
287, 1636484874163, 1636484874779, 616
288, 1636484874779, 1636484875395, 616
289, 1636484875395, 1636484876023, 628
290, 1636484876023, 1636484876635, 612
291, 1636484876635, 1636484877243, 608
292, 1636484877243, 1636484877851, 608
293, 1636484877851, 1636484878459, 608
294, 1636484878460, 1636484879079, 619
295, 1636484879079, 1636484879691, 612
296, 1636484879691, 1636484880311, 620
297, 1636484880311, 1636484880919, 608
298, 1636484880920, 1636484881535, 615
299, 1636484881535, 1636484882147, 612
300, 1636484882147, 1636484882759, 612
201, 1636484820632, 1636484821395, 763
202, 1636484821396, 1636484822051, 655
203, 1636484822051, 1636484822707, 656
204, 1636484822707, 1636484823363, 656
205, 1636484823363, 1636484824019, 656
206, 1636484824020, 1636484824675, 655
207, 1636484824676, 1636484825339, 663
208, 1636484825339, 1636484825991, 652
209, 1636484825991, 1636484826647, 656
210, 1636484826647, 1636484827307, 660
211, 1636484827307, 1636484827967, 660
212, 1636484827967, 1636484828635, 668
213, 1636484828636, 1636484829291, 655
214, 1636484829292, 1636484829947, 655
215, 1636484829947, 1636484830607, 660
216, 1636484830607, 1636484831267, 660
217, 1636484831267, 1636484831879, 612
218, 1636484831879, 1636484832491, 612
219, 1636484832491, 1636484833103, 612
220, 1636484833103, 1636484833715, 612
221, 1636484833715, 1636484834327, 612
222, 1636484834327, 1636484834943, 616
223, 1636484834943, 1636484835555, 612
224, 1636484835555, 1636484836167, 612
225, 1636484836168, 1636484836779, 611
226, 1636484836779, 1636484837391, 612
227, 1636484837391, 1636484838003, 612
228, 1636484838004, 1636484838619, 615
229, 1636484838619, 1636484839235, 616
230, 1636484839235, 1636484839851, 616
231, 1636484839851, 1636484840463, 612
232, 1636484840463, 1636484841075, 612
233, 1636484841075, 1636484841687, 612
234, 1636484841688, 1636484842299, 611
235, 1636484842299, 1636484842911, 612
236, 1636484842911, 1636484843523, 612
237, 1636484843524, 1636484844135, 611
238, 1636484844135, 1636484844747, 612
239, 1636484844747, 1636484845363, 616
240, 1636484845364, 1636484845979, 615
241, 1636484845980, 1636484846591, 611
242, 1636484846592, 1636484847207, 615
243, 1636484847208, 1636484847819, 611
244, 1636484847820, 1636484848431, 611
245, 1636484848431, 1636484849043, 612
246, 1636484849043, 1636484849659, 616
247, 1636484849659, 1636484850279, 620
248, 1636484850279, 1636484850895, 616
249, 1636484850895, 1636484851503, 608
250, 1636484851503, 1636484852119, 616
251, 1636484852119, 1636484852727, 608
252, 1636484852727, 1636484853343, 616
253, 1636484853343, 1636484853955, 612
254, 1636484853956, 1636484854571, 615
255, 1636484854572, 1636484855191, 619
