TXid, StartTime, EndTime, ResponseTime, Aborted
256, 1636483668915, 1636483669527, 612
257, 1636483669528, 1636483670144, 616
258, 1636483670144, 1636483670755, 611
259, 1636483670755, 1636483671367, 612
260, 1636483671367, 1636483671979, 612
261, 1636483671979, 1636483672591, 612
262, 1636483672591, 1636483673207, 616
263, 1636483673207, 1636483673815, 608
264, 1636483673815, 1636483674427, 612
265, 1636483674427, 1636483675035, 608
266, 1636483675035, 1636483675639, 604
267, 1636483675639, 1636483676251, 612
268, 1636483676251, 1636483676871, 620
269, 1636483676871, 1636483677479, 608
270, 1636483677479, 1636483678091, 612
271, 1636483678091, 1636483678707, 616
272, 1636483678707, 1636483679319, 612
273, 1636483679319, 1636483679923, 604
274, 1636483679923, 1636483680531, 608
275, 1636483680531, 1636483681147, 616
276, 1636483681148, 1636483681759, 611
277, 1636483681759, 1636483682375, 616
278, 1636483682375, 1636483682983, 608
279, 1636483682983, 1636483683599, 616
280, 1636483683599, 1636483684219, 620
281, 1636483684219, 1636483684831, 612
282, 1636483684831, 1636483685447, 616
283, 1636483685447, 1636483686055, 608
284, 1636483686055, 1636483686667, 612
285, 1636483686667, 1636483687279, 612
286, 1636483687279, 1636483687887, 608
287, 1636483687887, 1636483688495, 608
288, 1636483688495, 1636483689107, 612
289, 1636483689107, 1636483689715, 608
290, 1636483689715, 1636483690323, 608
291, 1636483690323, 1636483690935, 612
292, 1636483690935, 1636483691551, 616
293, 1636483691551, 1636483692159, 608
294, 1636483692159, 1636483692771, 612
295, 1636483692771, 1636483693379, 608
296, 1636483693379, 1636483693987, 608
297, 1636483693987, 1636483694599, 612
298, 1636483694599, 1636483695199, 600
299, 1636483695199, 1636483695799, 600
300, 1636483695799, 1636483696407, 608
201, 1636483634327, 1636483635143, 816
202, 1636483635143, 1636483635799, 656
203, 1636483635799, 1636483636455, 656
204, 1636483636455, 1636483637111, 656
205, 1636483637111, 1636483637763, 652
206, 1636483637763, 1636483638423, 660
207, 1636483638423, 1636483639079, 656
208, 1636483639079, 1636483639732, 653
209, 1636483639732, 1636483640387, 655
210, 1636483640387, 1636483641043, 656
211, 1636483641044, 1636483641699, 655
212, 1636483641699, 1636483642363, 664
213, 1636483642364, 1636483643019, 655
214, 1636483643019, 1636483643675, 656
215, 1636483643675, 1636483644335, 660
216, 1636483644335, 1636483644987, 652
217, 1636483644987, 1636483645599, 612
218, 1636483645599, 1636483646215, 616
219, 1636483646215, 1636483646827, 612
220, 1636483646828, 1636483647443, 615
221, 1636483647443, 1636483648063, 620
222, 1636483648063, 1636483648675, 612
223, 1636483648675, 1636483649287, 612
224, 1636483649287, 1636483649899, 612
225, 1636483649899, 1636483650511, 612
226, 1636483650511, 1636483651123, 612
227, 1636483651123, 1636483651735, 612
228, 1636483651736, 1636483652347, 611
229, 1636483652347, 1636483652959, 612
230, 1636483652959, 1636483653567, 608
231, 1636483653567, 1636483654179, 612
232, 1636483654179, 1636483654791, 612
233, 1636483654791, 1636483655403, 612
234, 1636483655403, 1636483656015, 612
235, 1636483656015, 1636483656627, 612
236, 1636483656627, 1636483657243, 616
237, 1636483657243, 1636483657859, 616
238, 1636483657859, 1636483658479, 620
239, 1636483658479, 1636483659091, 612
240, 1636483659091, 1636483659715, 624
241, 1636483659715, 1636483660327, 612
242, 1636483660327, 1636483660939, 612
243, 1636483660939, 1636483661551, 612
244, 1636483661551, 1636483662167, 616
245, 1636483662167, 1636483662779, 612
246, 1636483662779, 1636483663391, 612
247, 1636483663391, 1636483664015, 624
248, 1636483664015, 1636483664623, 608
249, 1636483664623, 1636483665235, 612
250, 1636483665235, 1636483665847, 612
251, 1636483665847, 1636483666459, 612
252, 1636483666460, 1636483667079, 619
253, 1636483667080, 1636483667691, 611
254, 1636483667691, 1636483668299, 608
255, 1636483668299, 1636483668915, 616
