TXid, StartTime, EndTime, ResponseTime, Aborted
29184, 1636473864190, 1636473864846, 656
29188, 1636473864846, 1636473865502, 656
29192, 1636473865502, 1636473866162, 660
29197, 1636473866162, 1636473866822, 660
29202, 1636473866822, 1636473867482, 660
29207, 1636473867482, 1636473868139, 657
29212, 1636473868139, 1636473868794, 655
29217, 1636473868794, 1636473869446, 652
29222, 1636473869446, 1636473870526, 1080
29230, 1636473870527, 1636473871182, 655
29233, 1636473871183, 1636473871882, 699
29238, 1636473871882, 1636473872546, 664
29242, 1636473872546, 1636473873270, 724
29248, 1636473873270, 1636473873926, 656
29506, 1636473914178, 1636473916058, 1880
29252, 1636473873926, 1636473874574, 648
29257, 1636473874574, 1636473875230, 656
29517, 1636473916058, 1636473916763, 705
29522, 1636473916763, 1636473917419, 656
29270, 1636473875230, 1636473887626, 12396
29527, 1636473917419, 1636473918075, 656
29532, 1636473918075, 1636473918731, 656
29537, 1636473918731, 1636473919391, 660
29546, 1636473919391, 1636473921686, 2295
29547, 1636473921736, 1636473922654, 918
29548, 1636473922654, 1636473923310, 656
29549, 1636473924249, 1636473925694, 1445
29550, 1636473925694, 1636473926350, 656
29551, 1636473926350, 1636473927006, 656
29552, 1636473927006, 1636473927662, 656
29553, 1636473927662, 1636473928318, 656
29554, 1636473928318, 1636473928974, 656
29555, 1636473928974, 1636473929630, 656
29556, 1636473929630, 1636473930286, 656
29557, 1636473930286, 1636473930946, 660
29558, 1636473930946, 1636473931602, 656
29559, 1636473931602, 1636473932258, 656
29560, 1636473932258, 1636473932914, 656
29561, 1636473932914, 1636473933570, 656
29562, 1636473933570, 1636473934226, 656
29563, 1636473934226, 1636473934882, 656
29564, 1636473934882, 1636473935538, 656
29565, 1636473935538, 1636473936194, 656
29566, 1636473936194, 1636473936850, 656
29567, 1636473936850, 1636473937506, 656
29568, 1636473937506, 1636473938162, 656
29569, 1636473938162, 1636473938818, 656
29570, 1636473938818, 1636473939478, 660
29571, 1636473939478, 1636473940134, 656
29572, 1636473940134, 1636473940790, 656
29573, 1636473940790, 1636473941446, 656
29574, 1636473941446, 1636473942102, 656
29575, 1636473942102, 1636473942762, 660
29576, 1636473942762, 1636473943418, 656
29577, 1636473943418, 1636473944074, 656
29578, 1636473944074, 1636473944730, 656
29579, 1636473944730, 1636473945382, 652
29580, 1636473945382, 1636473946038, 656
29581, 1636473946038, 1636473946694, 656
29582, 1636473946694, 1636473947350, 656
29583, 1636473947350, 1636473948006, 656
29584, 1636473948006, 1636473948662, 656
29585, 1636473948662, 1636473949318, 656
29586, 1636473949318, 1636473949974, 656
29587, 1636473949974, 1636473950630, 656
29588, 1636473950630, 1636473951286, 656
29589, 1636473951286, 1636473951942, 656
29590, 1636473951942, 1636473952598, 656
29591, 1636473952598, 1636473953254, 656
29592, 1636473953254, 1636473953910, 656
29593, 1636473953910, 1636473954566, 656
29594, 1636473954566, 1636473955222, 656
29339, 1636473887647, 1636473888514, 867
29595, 1636473955222, 1636473955878, 656
29596, 1636473955878, 1636473956534, 656
29597, 1636473956534, 1636473957194, 660
29598, 1636473957194, 1636473957854, 660
29599, 1636473957854, 1636473958510, 656
29600, 1636473958510, 1636473959166, 656
29348, 1636473888997, 1636473889762, 765
29355, 1636473889762, 1636473890606, 844
29101, 1636473852285, 1636473852898, 613
29103, 1636473852898, 1636473853555, 657
29360, 1636473890648, 1636473891718, 1070
29106, 1636473853555, 1636473854210, 655
29111, 1636473854210, 1636473854946, 736
29115, 1636473854946, 1636473855606, 660
29120, 1636473855606, 1636473856266, 660
29125, 1636473856266, 1636473856962, 696
29131, 1636473856962, 1636473857614, 652
29136, 1636473857615, 1636473858274, 659
29395, 1636473891860, 1636473906826, 14966
29141, 1636473858274, 1636473858938, 664
29146, 1636473858939, 1636473859594, 655
29151, 1636473859594, 1636473860254, 660
29157, 1636473860254, 1636473861030, 776
29161, 1636473861030, 1636473861686, 656
29166, 1636473861686, 1636473862342, 656
29171, 1636473862342, 1636473863210, 868
29178, 1636473863210, 1636473864190, 980
