TXid, StartTime, EndTime, ResponseTime
256, 1636407348785, 1636407349405, 620
258, 1636407349406, 1636407350021, 615
260, 1636407350021, 1636407350633, 612
262, 1636407350633, 1636407351245, 612
264, 1636407351245, 1636407351857, 612
266, 1636407351858, 1636407352481, 623
268, 1636407352481, 1636407353092, 611
270, 1636407353092, 1636407353697, 605
272, 1636407353697, 1636407354309, 612
274, 1636407354309, 1636407354921, 612
275, 1636407354921, 1636407355533, 612
276, 1636407355533, 1636407356145, 612
277, 1636407356146, 1636407356757, 611
278, 1636407356757, 1636407357369, 612
279, 1636407357369, 1636407357981, 612
280, 1636407357981, 1636407358593, 612
281, 1636407358593, 1636407359205, 612
282, 1636407359205, 1636407359817, 612
283, 1636407359817, 1636407360437, 620
284, 1636407360437, 1636407361049, 612
285, 1636407361049, 1636407361661, 612
286, 1636407361661, 1636407362273, 612
287, 1636407362273, 1636407362885, 612
288, 1636407362885, 1636407363497, 612
289, 1636407363497, 1636407364109, 612
290, 1636407364109, 1636407364720, 611
291, 1636407364720, 1636407365336, 616
292, 1636407365336, 1636407365945, 609
293, 1636407365945, 1636407366557, 612
294, 1636407366557, 1636407367169, 612
295, 1636407367169, 1636407367785, 616
296, 1636407367785, 1636407368397, 612
297, 1636407368397, 1636407369008, 611
298, 1636407369009, 1636407369621, 612
299, 1636407369621, 1636407370233, 612
300, 1636407370233, 1636407370845, 612
75, 1636407308455, 1636407309318, 863
78, 1636407309340, 1636407310005, 665
81, 1636407310005, 1636407310677, 672
84, 1636407310677, 1636407311337, 660
87, 1636407311338, 1636407312001, 663
90, 1636407312001, 1636407312665, 664
93, 1636407312665, 1636407313325, 660
97, 1636407313325, 1636407313985, 660
100, 1636407313985, 1636407314665, 680
103, 1636407314665, 1636407315329, 664
107, 1636407315329, 1636407315993, 664
110, 1636407315993, 1636407316656, 663
113, 1636407316657, 1636407317321, 664
116, 1636407317321, 1636407317996, 675
119, 1636407317996, 1636407318665, 669
122, 1636407318665, 1636407319332, 667
125, 1636407319333, 1636407319945, 612
128, 1636407319945, 1636407320561, 616
131, 1636407320561, 1636407321181, 620
134, 1636407321181, 1636407321797, 616
137, 1636407321797, 1636407322413, 616
140, 1636407322413, 1636407323025, 612
143, 1636407323025, 1636407323637, 612
146, 1636407323637, 1636407324253, 616
149, 1636407324253, 1636407324865, 612
152, 1636407324866, 1636407325481, 615
155, 1636407325481, 1636407326100, 619
158, 1636407326100, 1636407326713, 613
161, 1636407326714, 1636407327325, 611
164, 1636407327326, 1636407327937, 611
167, 1636407327937, 1636407328545, 608
170, 1636407328545, 1636407329161, 616
173, 1636407329161, 1636407329773, 612
176, 1636407329773, 1636407330385, 612
179, 1636407330385, 1636407330997, 612
182, 1636407330997, 1636407331613, 616
185, 1636407331613, 1636407332225, 612
188, 1636407332225, 1636407332841, 616
191, 1636407332841, 1636407333453, 612
194, 1636407333453, 1636407334061, 608
197, 1636407334061, 1636407334673, 612
200, 1636407334674, 1636407335289, 615
203, 1636407335289, 1636407335901, 612
206, 1636407335902, 1636407336513, 611
209, 1636407336513, 1636407337125, 612
212, 1636407337125, 1636407337741, 616
215, 1636407337741, 1636407338361, 620
218, 1636407338361, 1636407338977, 616
221, 1636407338977, 1636407339593, 616
224, 1636407339593, 1636407340205, 612
227, 1636407340205, 1636407340817, 612
230, 1636407340818, 1636407341429, 611
232, 1636407341429, 1636407342041, 612
234, 1636407342041, 1636407342653, 612
236, 1636407342653, 1636407343265, 612
238, 1636407343265, 1636407343881, 616
240, 1636407343881, 1636407344493, 612
242, 1636407344493, 1636407345105, 612
244, 1636407345106, 1636407345717, 611
246, 1636407345717, 1636407346329, 612
248, 1636407346329, 1636407346941, 612
250, 1636407346942, 1636407347557, 615
252, 1636407347557, 1636407348169, 612
254, 1636407348169, 1636407348785, 616
