TXid, StartTime, EndTime, ResponseTime
257, 1636407348837, 1636407349449, 612
259, 1636407349450, 1636407350061, 611
261, 1636407350061, 1636407350669, 608
263, 1636407350669, 1636407351276, 607
265, 1636407351277, 1636407351889, 612
267, 1636407351889, 1636407352500, 611
269, 1636407352501, 1636407353117, 616
271, 1636407353117, 1636407353729, 612
273, 1636407353729, 1636407354341, 612
22, 1636407291933, 1636407292774, 841
24, 1636407292798, 1636407293469, 671
26, 1636407293469, 1636407294141, 672
28, 1636407294141, 1636407294813, 672
31, 1636407294813, 1636407295485, 672
33, 1636407295486, 1636407296156, 670
35, 1636407296156, 1636407296825, 669
37, 1636407296826, 1636407297497, 671
39, 1636407297498, 1636407298172, 674
41, 1636407298172, 1636407298832, 660
43, 1636407298833, 1636407299505, 672
45, 1636407299505, 1636407300165, 660
47, 1636407300165, 1636407300825, 660
49, 1636407300825, 1636407301489, 664
51, 1636407301489, 1636407302152, 663
53, 1636407302152, 1636407302825, 673
55, 1636407302825, 1636407303445, 620
57, 1636407303445, 1636407304065, 620
59, 1636407304065, 1636407304685, 620
61, 1636407304685, 1636407305300, 615
63, 1636407305300, 1636407305917, 617
65, 1636407305918, 1636407306533, 615
67, 1636407306533, 1636407307145, 612
69, 1636407307145, 1636407307756, 611
71, 1636407307756, 1636407308373, 617
73, 1636407308373, 1636407308989, 616
76, 1636407308989, 1636407309601, 612
79, 1636407309601, 1636407310212, 611
82, 1636407310213, 1636407310825, 612
85, 1636407310825, 1636407311437, 612
88, 1636407311437, 1636407312053, 616
91, 1636407312053, 1636407312672, 619
94, 1636407312673, 1636407313284, 611
96, 1636407313285, 1636407313901, 616
99, 1636407313901, 1636407314513, 612
102, 1636407314513, 1636407315129, 616
105, 1636407315129, 1636407315741, 612
108, 1636407315741, 1636407316352, 611
111, 1636407316353, 1636407316965, 612
114, 1636407316965, 1636407317585, 620
117, 1636407317586, 1636407318197, 611
120, 1636407318198, 1636407318809, 611
123, 1636407318809, 1636407319425, 616
126, 1636407319425, 1636407320036, 611
129, 1636407320037, 1636407320649, 612
132, 1636407320649, 1636407321261, 612
135, 1636407321261, 1636407321873, 612
138, 1636407321873, 1636407322485, 612
141, 1636407322485, 1636407323097, 612
144, 1636407323097, 1636407323709, 612
147, 1636407323709, 1636407324320, 611
150, 1636407324320, 1636407324933, 613
153, 1636407324933, 1636407325545, 612
156, 1636407325545, 1636407326157, 612
159, 1636407326157, 1636407326768, 611
162, 1636407326769, 1636407327381, 612
165, 1636407327381, 1636407327993, 612
168, 1636407327993, 1636407328609, 616
171, 1636407328609, 1636407329225, 616
174, 1636407329225, 1636407329837, 612
177, 1636407329837, 1636407330449, 612
180, 1636407330449, 1636407331061, 612
183, 1636407331061, 1636407331668, 607
186, 1636407331669, 1636407332281, 612
189, 1636407332281, 1636407332909, 628
192, 1636407332909, 1636407333521, 612
195, 1636407333522, 1636407334133, 611
198, 1636407334133, 1636407334745, 612
201, 1636407334745, 1636407335357, 612
204, 1636407335357, 1636407335969, 612
207, 1636407335969, 1636407336576, 607
210, 1636407336577, 1636407337189, 612
213, 1636407337189, 1636407337805, 616
216, 1636407337805, 1636407338417, 612
219, 1636407338417, 1636407339029, 612
222, 1636407339029, 1636407339640, 611
225, 1636407339641, 1636407340253, 612
228, 1636407340253, 1636407340868, 615
231, 1636407340869, 1636407341480, 611
233, 1636407341481, 1636407342093, 612
235, 1636407342093, 1636407342705, 612
237, 1636407342705, 1636407343317, 612
239, 1636407343317, 1636407343936, 619
241, 1636407343936, 1636407344545, 609
243, 1636407344545, 1636407345157, 612
245, 1636407345158, 1636407345768, 610
247, 1636407345769, 1636407346381, 612
249, 1636407346381, 1636407346993, 612
251, 1636407346993, 1636407347609, 616
253, 1636407347609, 1636407348221, 612
255, 1636407348221, 1636407348837, 616
