TXid, StartTime, EndTime, ResponseTime, Aborted
1, 1636413930135, 1636413931057, 922
257, 1636413993198, 1636413993819, 621
2, 1636413931073, 1636413931809, 736
3, 1636413931809, 1636413932545, 736
4, 1636413932546, 1636413933274, 728
5, 1636413933274, 1636413933997, 723
6, 1636413933998, 1636413934722, 724
7, 1636413934722, 1636413935457, 735
8, 1636413935457, 1636413936181, 724
9, 1636413936182, 1636413936909, 727
10, 1636413936909, 1636413937637, 728
11, 1636413937638, 1636413938357, 719
12, 1636413938358, 1636413939085, 727
13, 1636413939086, 1636413939810, 724
15, 1636413939810, 1636413940509, 699
17, 1636413940510, 1636413941233, 723
19, 1636413941234, 1636413941922, 688
21, 1636413941922, 1636413942546, 624
23, 1636413942546, 1636413943174, 628
25, 1636413943174, 1636413943794, 620
27, 1636413943794, 1636413944410, 616
28, 1636413944410, 1636413945038, 628
30, 1636413945038, 1636413945662, 624
32, 1636413945662, 1636413946286, 624
34, 1636413946286, 1636413946906, 620
36, 1636413946906, 1636413947534, 628
38, 1636413947534, 1636413948154, 620
40, 1636413948154, 1636413948766, 612
42, 1636413948766, 1636413949386, 620
45, 1636413949386, 1636413950010, 624
48, 1636413950010, 1636413950626, 616
51, 1636413950626, 1636413951246, 620
54, 1636413951246, 1636413951858, 612
56, 1636413951858, 1636413952473, 615
59, 1636413952474, 1636413953101, 627
62, 1636413953101, 1636413953722, 621
65, 1636413953722, 1636413954342, 620
68, 1636413954342, 1636413954966, 624
71, 1636413954966, 1636413955590, 624
74, 1636413955590, 1636413956210, 620
77, 1636413956210, 1636413956830, 620
80, 1636413956830, 1636413957445, 615
83, 1636413957446, 1636413958066, 620
86, 1636413958066, 1636413958686, 620
89, 1636413958686, 1636413959309, 623
92, 1636413959309, 1636413959930, 621
95, 1636413959930, 1636413960549, 619
98, 1636413960550, 1636413961170, 620
101, 1636413961170, 1636413961789, 619
104, 1636413961789, 1636413962413, 624
107, 1636413962413, 1636413963029, 616
110, 1636413963029, 1636413963649, 620
113, 1636413963650, 1636413964277, 627
116, 1636413964278, 1636413964898, 620
119, 1636413964898, 1636413965509, 611
122, 1636413965510, 1636413966125, 615
125, 1636413966126, 1636413966741, 615
128, 1636413966742, 1636413967358, 616
131, 1636413967358, 1636413967966, 608
134, 1636413967966, 1636413968586, 620
137, 1636413968586, 1636413969206, 620
140, 1636413969206, 1636413969818, 612
143, 1636413969818, 1636413970438, 620
146, 1636413970438, 1636413971062, 624
149, 1636413971062, 1636413971674, 612
152, 1636413971674, 1636413972298, 624
155, 1636413972298, 1636413972914, 616
158, 1636413972914, 1636413973529, 615
161, 1636413973530, 1636413974142, 612
164, 1636413974142, 1636413974753, 611
167, 1636413974753, 1636413975369, 616
170, 1636413975370, 1636413975977, 607
173, 1636413975978, 1636413976589, 611
176, 1636413976590, 1636413977210, 620
179, 1636413977210, 1636413977829, 619
182, 1636413977830, 1636413978442, 612
185, 1636413978442, 1636413979049, 607
188, 1636413979049, 1636413979658, 609
191, 1636413979658, 1636413980274, 616
194, 1636413980274, 1636413980890, 616
197, 1636413980890, 1636413981502, 612
200, 1636413981502, 1636413982109, 607
203, 1636413982109, 1636413982734, 625
206, 1636413982734, 1636413983357, 623
209, 1636413983357, 1636413983970, 613
212, 1636413983970, 1636413984582, 612
215, 1636413984582, 1636413985201, 619
218, 1636413985201, 1636413985822, 621
221, 1636413985822, 1636413986437, 615
224, 1636413986437, 1636413987050, 613
227, 1636413987050, 1636413987666, 616
230, 1636413987666, 1636413988282, 616
233, 1636413988282, 1636413988893, 611
236, 1636413988894, 1636413989506, 612
239, 1636413989506, 1636413990130, 624
242, 1636413990130, 1636413990746, 616
245, 1636413990746, 1636413991361, 615
248, 1636413991361, 1636413991973, 612
251, 1636413991974, 1636413992585, 611
254, 1636413992585, 1636413993197, 612
