TXid, StartTime, EndTime, ResponseTime
6, 1636328948688, 1636328949022, 334
7, 1636328949023, 1636328949068, 45
8, 1636328949068, 1636328949107, 39
9, 1636328949107, 1636328949141, 34
10, 1636328949141, 1636328949174, 33
11, 1636328949174, 1636328949205, 31
12, 1636328949205, 1636328949238, 33
13, 1636328949238, 1636328949273, 35
14, 1636328949274, 1636328949319, 45
15, 1636328949319, 1636328949372, 53
16, 1636328949373, 1636328949399, 26
17, 1636328949399, 1636328949427, 28
18, 1636328949427, 1636328949452, 25
19, 1636328949452, 1636328949478, 26
20, 1636328949478, 1636328949506, 28
21, 1636328949506, 1636328949548, 42
22, 1636328949548, 1636328949579, 31
23, 1636328949579, 1636328949605, 26
24, 1636328949605, 1636328949632, 27
25, 1636328949632, 1636328949658, 26
26, 1636328949658, 1636328949678, 20
27, 1636328949678, 1636328949701, 23
28, 1636328949701, 1636328949723, 22
29, 1636328949723, 1636328949748, 25
30, 1636328949748, 1636328949771, 23
31, 1636328949771, 1636328949795, 24
32, 1636328949795, 1636328949824, 29
33, 1636328949824, 1636328949850, 26
34, 1636328949850, 1636328949872, 22
35, 1636328949872, 1636328949896, 24
36, 1636328949896, 1636328949920, 24
37, 1636328949921, 1636328949945, 24
38, 1636328949945, 1636328949967, 22
39, 1636328949968, 1636328949992, 24
40, 1636328949992, 1636328950013, 21
41, 1636328950013, 1636328950038, 25
42, 1636328950038, 1636328950059, 21
43, 1636328950059, 1636328950081, 22
44, 1636328950081, 1636328950106, 25
45, 1636328950106, 1636328950129, 23
46, 1636328950130, 1636328950155, 25
47, 1636328950155, 1636328950181, 26
48, 1636328950181, 1636328950215, 34
49, 1636328950215, 1636328950238, 23
50, 1636328950238, 1636328950265, 27
51, 1636328950265, 1636328950290, 25
52, 1636328950290, 1636328950318, 28
53, 1636328950318, 1636328950343, 25
54, 1636328950343, 1636328950370, 27
55, 1636328950370, 1636328950394, 24
56, 1636328950395, 1636328950420, 25
57, 1636328950420, 1636328950446, 26
58, 1636328950447, 1636328950473, 26
59, 1636328950473, 1636328950499, 26
60, 1636328950499, 1636328950527, 28
61, 1636328950527, 1636328950555, 28
62, 1636328950555, 1636328950593, 38
63, 1636328950593, 1636328950623, 30
64, 1636328950623, 1636328950649, 26
65, 1636328950649, 1636328950682, 33
66, 1636328950682, 1636328950713, 31
67, 1636328950713, 1636328950750, 37
68, 1636328950750, 1636328950780, 30
69, 1636328950780, 1636328950813, 33
70, 1636328950813, 1636328950844, 31
71, 1636328950844, 1636328950874, 30
72, 1636328950874, 1636328950908, 34
73, 1636328950908, 1636328950939, 31
74, 1636328950939, 1636328950969, 30
75, 1636328950969, 1636328951001, 32
76, 1636328951001, 1636328951040, 39
77, 1636328951040, 1636328951138, 98
78, 1636328951138, 1636328951171, 33
79, 1636328951171, 1636328951201, 30
80, 1636328951201, 1636328951236, 35
81, 1636328951236, 1636328951274, 38
82, 1636328951274, 1636328951317, 43
83, 1636328951317, 1636328951348, 31
84, 1636328951348, 1636328951380, 32
85, 1636328951381, 1636328951412, 31
86, 1636328951413, 1636328951443, 30
87, 1636328951443, 1636328951472, 29
88, 1636328951472, 1636328951495, 23
89, 1636328951495, 1636328951520, 25
90, 1636328951520, 1636328951552, 32
91, 1636328951552, 1636328951581, 29
92, 1636328951581, 1636328951614, 33
93, 1636328951615, 1636328951645, 30
94, 1636328951645, 1636328951672, 27
95, 1636328951672, 1636328951704, 32
96, 1636328951704, 1636328951744, 40
97, 1636328951744, 1636328951820, 76
98, 1636328951820, 1636328951850, 30
99, 1636328951851, 1636328951878, 27
100, 1636328951878, 1636328951903, 25
101, 1636328951903, 1636328951938, 35
102, 1636328951938, 1636328951993, 55
103, 1636328951993, 1636328952058, 65
104, 1636328952058, 1636328952083, 25
105, 1636328952083, 1636328952109, 26
