TXid, StartTime, EndTime, ResponseTime, Aborted
301, 1636483728010, 1636483728936, 926
302, 1636483728937, 1636483729759, 822
303, 1636483729759, 1636483730575, 816
304, 1636483730575, 1636483731391, 816
305, 1636483731391, 1636483732211, 820
306, 1636483732211, 1636483733027, 816
307, 1636483733027, 1636483733843, 816
308, 1636483733843, 1636483734655, 812
309, 1636483734655, 1636483735471, 816
310, 1636483735471, 1636483736287, 816
311, 1636483736287, 1636483737103, 816
312, 1636483737103, 1636483737919, 816
313, 1636483737919, 1636483738739, 820
314, 1636483738739, 1636483739563, 824
315, 1636483739563, 1636483740383, 820
316, 1636483740383, 1636483741211, 828
317, 1636483741211, 1636483741863, 652
318, 1636483741863, 1636483742519, 656
319, 1636483742519, 1636483743163, 644
320, 1636483743163, 1636483743811, 648
321, 1636483743811, 1636483744459, 648
322, 1636483744459, 1636483745107, 648
323, 1636483745107, 1636483745755, 648
324, 1636483745755, 1636483746403, 648
325, 1636483746403, 1636483747055, 652
326, 1636483747055, 1636483747703, 648
327, 1636483747703, 1636483748351, 648
328, 1636483748352, 1636483748999, 647
329, 1636483748999, 1636483749647, 648
330, 1636483749647, 1636483750295, 648
331, 1636483750296, 1636483750947, 651
332, 1636483750947, 1636483751599, 652
333, 1636483751599, 1636483752259, 660
334, 1636483752259, 1636483752911, 652
335, 1636483752911, 1636483753563, 652
336, 1636483753563, 1636483754215, 652
337, 1636483754215, 1636483754871, 656
338, 1636483754871, 1636483755523, 652
339, 1636483755524, 1636483756171, 647
340, 1636483756171, 1636483756819, 648
341, 1636483756819, 1636483757471, 652
342, 1636483757471, 1636483758115, 644
343, 1636483758115, 1636483758763, 648
344, 1636483758763, 1636483759415, 652
345, 1636483759415, 1636483760063, 648
346, 1636483760063, 1636483760727, 664
347, 1636483760727, 1636483761379, 652
348, 1636483761380, 1636483762035, 655
349, 1636483762035, 1636483762687, 652
350, 1636483762688, 1636483763339, 651
351, 1636483763339, 1636483763987, 648
352, 1636483763987, 1636483764639, 652
353, 1636483764639, 1636483765287, 648
354, 1636483765287, 1636483765931, 644
355, 1636483765931, 1636483766579, 648
356, 1636483766579, 1636483767239, 660
357, 1636483767239, 1636483767883, 644
358, 1636483767883, 1636483768527, 644
359, 1636483768527, 1636483769171, 644
360, 1636483769171, 1636483769819, 648
361, 1636483769819, 1636483770467, 648
362, 1636483770467, 1636483771119, 652
363, 1636483771119, 1636483771767, 648
364, 1636483771767, 1636483772419, 652
365, 1636483772419, 1636483773067, 648
366, 1636483773067, 1636483773711, 644
367, 1636483773711, 1636483774359, 648
368, 1636483774359, 1636483775007, 648
369, 1636483775007, 1636483775655, 648
370, 1636483775655, 1636483776303, 648
371, 1636483776303, 1636483776951, 648
372, 1636483776951, 1636483777603, 652
373, 1636483777603, 1636483778255, 652
374, 1636483778255, 1636483778903, 648
375, 1636483778903, 1636483779559, 656
376, 1636483779559, 1636483780215, 656
377, 1636483780215, 1636483780875, 660
378, 1636483780875, 1636483781527, 652
379, 1636483781527, 1636483782179, 652
380, 1636483782179, 1636483782827, 648
381, 1636483782827, 1636483783475, 648
382, 1636483783475, 1636483784123, 648
383, 1636483784123, 1636483784771, 648
384, 1636483784771, 1636483785427, 656
385, 1636483785428, 1636483786080, 652
386, 1636483786081, 1636483786731, 650
387, 1636483786731, 1636483787383, 652
388, 1636483787383, 1636483788031, 648
389, 1636483788031, 1636483788679, 648
390, 1636483788679, 1636483789327, 648
391, 1636483789327, 1636483789971, 644
392, 1636483789971, 1636483790627, 656
393, 1636483790627, 1636483791271, 644
394, 1636483791271, 1636483791919, 648
395, 1636483791919, 1636483792567, 648
396, 1636483792567, 1636483793219, 652
397, 1636483793219, 1636483793871, 652
398, 1636483793871, 1636483794515, 644
399, 1636483794515, 1636483795163, 648
400, 1636483795163, 1636483795811, 648
