TXid, StartTime, EndTime, ResponseTime, Aborted
513, 1636429538043, 1636429538671, 628
516, 1636429538671, 1636429539299, 628
519, 1636429539299, 1636429539927, 628
522, 1636429539927, 1636429540555, 628
525, 1636429540555, 1636429541183, 628
528, 1636429541183, 1636429541810, 627
531, 1636429541811, 1636429542438, 627
534, 1636429542439, 1636429543075, 636
537, 1636429543075, 1636429543706, 631
540, 1636429543707, 1636429544335, 628
543, 1636429544335, 1636429544966, 631
546, 1636429544967, 1636429545595, 628
548, 1636429545595, 1636429546227, 632
550, 1636429546227, 1636429546855, 628
552, 1636429546855, 1636429547479, 624
554, 1636429547479, 1636429548111, 632
556, 1636429548111, 1636429548743, 632
558, 1636429548743, 1636429549371, 628
560, 1636429549371, 1636429549999, 628
562, 1636429549999, 1636429550631, 632
564, 1636429550631, 1636429551263, 632
566, 1636429551263, 1636429551895, 632
568, 1636429551895, 1636429552526, 631
570, 1636429552526, 1636429553159, 633
572, 1636429553159, 1636429553790, 631
574, 1636429553791, 1636429554422, 631
63, 1636429443213, 1636429444058, 845
576, 1636429554423, 1636429555051, 628
577, 1636429555051, 1636429555683, 632
66, 1636429444079, 1636429444759, 680
578, 1636429555683, 1636429556315, 632
579, 1636429556315, 1636429556947, 632
580, 1636429556947, 1636429557578, 631
69, 1636429444759, 1636429445435, 676
581, 1636429557579, 1636429558207, 628
582, 1636429558207, 1636429558835, 628
583, 1636429558835, 1636429559467, 632
72, 1636429445436, 1636429446110, 674
584, 1636429559467, 1636429560095, 628
585, 1636429560095, 1636429560727, 632
586, 1636429560727, 1636429561355, 628
75, 1636429446111, 1636429446787, 676
587, 1636429561355, 1636429561983, 628
588, 1636429561983, 1636429562611, 628
589, 1636429562611, 1636429563239, 628
590, 1636429563239, 1636429563867, 628
79, 1636429446787, 1636429447463, 676
591, 1636429563867, 1636429564499, 632
592, 1636429564499, 1636429565127, 628
593, 1636429565127, 1636429565759, 632
82, 1636429447463, 1636429448139, 676
594, 1636429565759, 1636429566391, 632
595, 1636429566391, 1636429567023, 632
596, 1636429567023, 1636429567655, 632
85, 1636429448139, 1636429448815, 676
597, 1636429567655, 1636429568282, 627
598, 1636429568283, 1636429568915, 632
599, 1636429568915, 1636429569547, 632
600, 1636429569547, 1636429570175, 628
89, 1636429448815, 1636429449499, 684
92, 1636429449499, 1636429450175, 676
95, 1636429450175, 1636429450846, 671
98, 1636429450847, 1636429451519, 672
101, 1636429451519, 1636429452195, 676
104, 1636429452195, 1636429452867, 672
107, 1636429452867, 1636429453539, 672
110, 1636429453539, 1636429454215, 676
113, 1636429454215, 1636429454847, 632
116, 1636429454847, 1636429455483, 636
119, 1636429455483, 1636429456115, 632
122, 1636429456115, 1636429456746, 631
125, 1636429456747, 1636429457383, 636
128, 1636429457383, 1636429458015, 632
131, 1636429458015, 1636429458647, 632
134, 1636429458647, 1636429459279, 632
137, 1636429459279, 1636429459911, 632
140, 1636429459911, 1636429460543, 632
143, 1636429460543, 1636429461170, 627
146, 1636429461170, 1636429461803, 633
149, 1636429461803, 1636429462435, 632
152, 1636429462435, 1636429463067, 632
155, 1636429463067, 1636429463699, 632
158, 1636429463699, 1636429464326, 627
161, 1636429464327, 1636429464963, 636
164, 1636429464963, 1636429465587, 624
167, 1636429465587, 1636429466219, 632
170, 1636429466219, 1636429466847, 628
173, 1636429466847, 1636429467474, 627
176, 1636429467475, 1636429468102, 627
179, 1636429468103, 1636429468743, 640
182, 1636429468743, 1636429469375, 632
185, 1636429469375, 1636429470007, 632
188, 1636429470007, 1636429470638, 631
191, 1636429470639, 1636429471274, 635
194, 1636429471275, 1636429471898, 623
197, 1636429471898, 1636429472531, 633
200, 1636429472531, 1636429473159, 628
203, 1636429473159, 1636429473791, 632
206, 1636429473791, 1636429474423, 632
209, 1636429474423, 1636429475047, 624
212, 1636429475047, 1636429475678, 631
216, 1636429475679, 1636429476314, 635
219, 1636429476315, 1636429476939, 624
222, 1636429476939, 1636429477567, 628
225, 1636429477567, 1636429478195, 628
228, 1636429478195, 1636429478819, 624
231, 1636429478819, 1636429479442, 623
234, 1636429479443, 1636429480070, 627
237, 1636429480070, 1636429480695, 625
240, 1636429480695, 1636429481322, 627
242, 1636429481323, 1636429481955, 632
246, 1636429481955, 1636429482591, 636
249, 1636429482591, 1636429483219, 628
252, 1636429483219, 1636429483851, 632
255, 1636429483851, 1636429484479, 628
258, 1636429484479, 1636429485115, 636
261, 1636429485115, 1636429485738, 623
264, 1636429485739, 1636429486367, 628
267, 1636429486367, 1636429487003, 636
270, 1636429487003, 1636429487630, 627
273, 1636429487631, 1636429488259, 628
276, 1636429488259, 1636429488887, 628
279, 1636429488887, 1636429489511, 624
282, 1636429489511, 1636429490147, 636
285, 1636429490147, 1636429490779, 632
288, 1636429490779, 1636429491406, 627
291, 1636429491407, 1636429492047, 640
294, 1636429492047, 1636429492675, 628
297, 1636429492675, 1636429493303, 628
300, 1636429493303, 1636429493931, 628
303, 1636429493931, 1636429494563, 632
306, 1636429494563, 1636429495195, 632
309, 1636429495195, 1636429495826, 631
312, 1636429495827, 1636429496462, 635
315, 1636429496463, 1636429497091, 628
318, 1636429497091, 1636429497719, 628
321, 1636429497719, 1636429498347, 628
324, 1636429498347, 1636429498974, 627
327, 1636429498975, 1636429499603, 628
330, 1636429499603, 1636429500231, 628
333, 1636429500231, 1636429500855, 624
336, 1636429500855, 1636429501479, 624
339, 1636429501479, 1636429502110, 631
342, 1636429502111, 1636429502739, 628
345, 1636429502739, 1636429503367, 628
348, 1636429503367, 1636429503999, 632
351, 1636429503999, 1636429504627, 628
354, 1636429504627, 1636429505259, 632
357, 1636429505259, 1636429505886, 627
360, 1636429505887, 1636429506514, 627
363, 1636429506515, 1636429507151, 636
366, 1636429507151, 1636429507779, 628
369, 1636429507779, 1636429508407, 628
372, 1636429508407, 1636429509031, 624
375, 1636429509031, 1636429509659, 628
378, 1636429509659, 1636429510291, 632
381, 1636429510291, 1636429510919, 628
384, 1636429510919, 1636429511547, 628
387, 1636429511547, 1636429512174, 627
390, 1636429512175, 1636429512807, 632
393, 1636429512807, 1636429513438, 631
396, 1636429513439, 1636429514066, 627
399, 1636429514066, 1636429514699, 633
402, 1636429514699, 1636429515326, 627
405, 1636429515327, 1636429515959, 632
408, 1636429515959, 1636429516591, 632
411, 1636429516591, 1636429517222, 631
414, 1636429517223, 1636429517854, 631
417, 1636429517855, 1636429518483, 628
420, 1636429518483, 1636429519115, 632
423, 1636429519115, 1636429519754, 639
426, 1636429519754, 1636429520382, 628
429, 1636429520383, 1636429521019, 636
432, 1636429521019, 1636429521647, 628
435, 1636429521647, 1636429522283, 636
438, 1636429522283, 1636429522911, 628
441, 1636429522911, 1636429523543, 632
444, 1636429523543, 1636429524175, 632
447, 1636429524175, 1636429524807, 632
450, 1636429524807, 1636429525439, 632
453, 1636429525439, 1636429526062, 623
456, 1636429526063, 1636429526691, 628
459, 1636429526691, 1636429527323, 632
462, 1636429527323, 1636429527951, 628
465, 1636429527951, 1636429528594, 643
468, 1636429528594, 1636429529223, 629
471, 1636429529223, 1636429529851, 628
474, 1636429529851, 1636429530483, 632
477, 1636429530483, 1636429531115, 632
480, 1636429531115, 1636429531747, 632
483, 1636429531747, 1636429532374, 627
486, 1636429532374, 1636429533003, 629
489, 1636429533003, 1636429533638, 635
492, 1636429533639, 1636429534267, 628
495, 1636429534267, 1636429534899, 632
498, 1636429534899, 1636429535527, 628
501, 1636429535527, 1636429536154, 627
504, 1636429536155, 1636429536786, 631
507, 1636429536787, 1636429537414, 627
510, 1636429537415, 1636429538042, 627
