TXid, StartTime, EndTime, ResponseTime, Aborted
512, 1636426321391, 1636426322015, 624
515, 1636426322015, 1636426322643, 628
519, 1636426322643, 1636426323263, 620
522, 1636426323263, 1636426323887, 624
525, 1636426323887, 1636426324515, 628
528, 1636426324516, 1636426325143, 627
531, 1636426325143, 1636426325755, 612
534, 1636426325755, 1636426326375, 620
537, 1636426326375, 1636426326999, 624
539, 1636426326999, 1636426327627, 628
541, 1636426327627, 1636426328255, 628
543, 1636426328255, 1636426328887, 632
545, 1636426328887, 1636426329507, 620
547, 1636426329507, 1636426330139, 632
549, 1636426330139, 1636426330767, 628
551, 1636426330767, 1636426331399, 632
553, 1636426331399, 1636426332031, 632
555, 1636426332031, 1636426332663, 632
557, 1636426332663, 1636426333299, 636
559, 1636426333299, 1636426333931, 632
561, 1636426333931, 1636426334559, 628
563, 1636426334559, 1636426335191, 632
565, 1636426335191, 1636426335819, 628
55, 1636426225494, 1636426226355, 861
567, 1636426335819, 1636426336443, 624
569, 1636426336443, 1636426337075, 632
58, 1636426226381, 1636426227051, 670
571, 1636426337075, 1636426337703, 628
573, 1636426337703, 1636426338331, 628
62, 1636426227051, 1636426227739, 688
575, 1636426338331, 1636426338955, 624
65, 1636426227740, 1636426228411, 671
577, 1636426338955, 1636426339587, 632
579, 1636426339587, 1636426340219, 632
68, 1636426228411, 1636426229079, 668
581, 1636426340219, 1636426340851, 632
71, 1636426229079, 1636426229751, 672
583, 1636426340851, 1636426341483, 632
584, 1636426341483, 1636426342115, 632
585, 1636426342115, 1636426342743, 628
586, 1636426342744, 1636426343371, 627
75, 1636426229751, 1636426230427, 676
587, 1636426343371, 1636426344003, 632
588, 1636426344003, 1636426344635, 632
589, 1636426344635, 1636426345259, 624
78, 1636426230427, 1636426231095, 668
590, 1636426345260, 1636426345891, 631
591, 1636426345891, 1636426346523, 632
592, 1636426346523, 1636426347159, 636
81, 1636426231095, 1636426231779, 684
593, 1636426347159, 1636426347795, 636
594, 1636426347796, 1636426348423, 627
595, 1636426348423, 1636426349051, 628
84, 1636426231779, 1636426232447, 668
596, 1636426349051, 1636426349683, 632
597, 1636426349683, 1636426350307, 624
598, 1636426350307, 1636426350935, 628
87, 1636426232447, 1636426233124, 677
599, 1636426350935, 1636426351567, 632
600, 1636426351568, 1636426352195, 627
90, 1636426233124, 1636426233799, 675
93, 1636426233799, 1636426234475, 676
96, 1636426234475, 1636426235143, 668
99, 1636426235144, 1636426235815, 671
102, 1636426235816, 1636426236487, 671
105, 1636426236487, 1636426237115, 628
108, 1636426237115, 1636426237743, 628
111, 1636426237743, 1636426238371, 628
114, 1636426238371, 1636426239003, 632
117, 1636426239003, 1636426239639, 636
120, 1636426239639, 1636426240267, 628
123, 1636426240267, 1636426240899, 632
126, 1636426240900, 1636426241527, 627
129, 1636426241527, 1636426242155, 628
132, 1636426242155, 1636426242779, 624
135, 1636426242779, 1636426243407, 628
138, 1636426243407, 1636426244035, 628
141, 1636426244035, 1636426244667, 632
144, 1636426244667, 1636426245303, 636
147, 1636426245303, 1636426245931, 628
150, 1636426245931, 1636426246555, 624
154, 1636426246555, 1636426247183, 628
157, 1636426247183, 1636426247815, 632
160, 1636426247816, 1636426248447, 631
163, 1636426248447, 1636426249075, 628
166, 1636426249075, 1636426249699, 624
169, 1636426249699, 1636426250327, 628
172, 1636426250327, 1636426250959, 632
175, 1636426250959, 1636426251595, 636
178, 1636426251595, 1636426252227, 632
181, 1636426252227, 1636426252859, 632
184, 1636426252859, 1636426253491, 632
187, 1636426253491, 1636426254119, 628
190, 1636426254119, 1636426254743, 624
193, 1636426254743, 1636426255379, 636
196, 1636426255379, 1636426256003, 624
199, 1636426256003, 1636426256622, 619
202, 1636426256622, 1636426257255, 633
205, 1636426257255, 1636426257878, 623
208, 1636426257879, 1636426258503, 624
211, 1636426258503, 1636426259127, 624
214, 1636426259127, 1636426259763, 636
217, 1636426259763, 1636426260395, 632
220, 1636426260396, 1636426261023, 627
223, 1636426261023, 1636426261655, 632
226, 1636426261655, 1636426262275, 620
229, 1636426262275, 1636426262907, 632
232, 1636426262907, 1636426263535, 628
235, 1636426263535, 1636426264163, 628
238, 1636426264163, 1636426264791, 628
241, 1636426264791, 1636426265418, 627
244, 1636426265419, 1636426266051, 632
247, 1636426266051, 1636426266679, 628
250, 1636426266679, 1636426267311, 632
253, 1636426267311, 1636426267939, 628
256, 1636426267939, 1636426268571, 632
259, 1636426268572, 1636426269203, 631
262, 1636426269203, 1636426269835, 632
265, 1636426269835, 1636426270455, 620
268, 1636426270455, 1636426271087, 632
271, 1636426271087, 1636426271711, 624
274, 1636426271711, 1636426272335, 624
277, 1636426272335, 1636426272963, 628
280, 1636426272963, 1636426273591, 628
283, 1636426273591, 1636426274215, 624
286, 1636426274215, 1636426274847, 632
289, 1636426274847, 1636426275470, 623
292, 1636426275471, 1636426276103, 632
295, 1636426276103, 1636426276731, 628
298, 1636426276731, 1636426277355, 624
301, 1636426277355, 1636426277983, 628
304, 1636426277983, 1636426278615, 632
307, 1636426278615, 1636426279243, 628
310, 1636426279244, 1636426279867, 623
313, 1636426279867, 1636426280495, 628
316, 1636426280495, 1636426281123, 628
319, 1636426281123, 1636426281751, 628
322, 1636426281751, 1636426282375, 624
325, 1636426282375, 1636426283007, 632
328, 1636426283007, 1636426283635, 628
331, 1636426283635, 1636426284259, 624
334, 1636426284259, 1636426284887, 628
337, 1636426284887, 1636426285518, 631
341, 1636426285519, 1636426286151, 632
344, 1636426286151, 1636426286779, 628
347, 1636426286779, 1636426287411, 632
350, 1636426287411, 1636426288039, 628
353, 1636426288039, 1636426288671, 632
356, 1636426288671, 1636426289299, 628
359, 1636426289299, 1636426289935, 636
362, 1636426289935, 1636426290563, 628
365, 1636426290563, 1636426291195, 632
368, 1636426291196, 1636426291815, 619
371, 1636426291815, 1636426292443, 628
374, 1636426292443, 1636426293079, 636
377, 1636426293079, 1636426293711, 632
380, 1636426293711, 1636426294339, 628
383, 1636426294339, 1636426294967, 628
386, 1636426294967, 1636426295595, 628
389, 1636426295595, 1636426296223, 628
392, 1636426296223, 1636426296855, 632
395, 1636426296855, 1636426297487, 632
398, 1636426297487, 1636426298115, 628
401, 1636426298115, 1636426298743, 628
404, 1636426298743, 1636426299367, 624
407, 1636426299367, 1636426299995, 628
410, 1636426299995, 1636426300623, 628
413, 1636426300623, 1636426301251, 628
416, 1636426301251, 1636426301879, 628
419, 1636426301879, 1636426302511, 632
422, 1636426302511, 1636426303139, 628
425, 1636426303139, 1636426303767, 628
428, 1636426303767, 1636426304399, 632
431, 1636426304399, 1636426305031, 632
434, 1636426305032, 1636426305663, 631
437, 1636426305663, 1636426306291, 628
440, 1636426306291, 1636426306919, 628
443, 1636426306919, 1636426307547, 628
446, 1636426307548, 1636426308171, 623
449, 1636426308171, 1636426308803, 632
452, 1636426308803, 1636426309435, 632
455, 1636426309435, 1636426310063, 628
458, 1636426310063, 1636426310691, 628
461, 1636426310691, 1636426311315, 624
464, 1636426311315, 1636426311947, 632
467, 1636426311947, 1636426312571, 624
470, 1636426312571, 1636426313199, 628
473, 1636426313199, 1636426313827, 628
476, 1636426313827, 1636426314463, 636
479, 1636426314463, 1636426315095, 632
482, 1636426315096, 1636426315727, 631
485, 1636426315727, 1636426316351, 624
488, 1636426316351, 1636426316983, 632
491, 1636426316983, 1636426317611, 628
494, 1636426317611, 1636426318239, 628
497, 1636426318239, 1636426318871, 632
500, 1636426318871, 1636426319503, 632
503, 1636426319503, 1636426320134, 631
506, 1636426320135, 1636426320763, 628
509, 1636426320763, 1636426321391, 628
