TXid, StartTime, EndTime, ResponseTime, Aborted
101, 1636486456567, 1636486457287, 720
102, 1636486457287, 1636486457947, 660
103, 1636486457947, 1636486458599, 652
104, 1636486458599, 1636486459255, 656
105, 1636486459255, 1636486459907, 652
106, 1636486459907, 1636486460547, 640
107, 1636486460547, 1636486461199, 652
108, 1636486461199, 1636486461847, 648
109, 1636486461847, 1636486462499, 652
110, 1636486462499, 1636486463151, 652
111, 1636486463151, 1636486463803, 652
112, 1636486463803, 1636486464459, 656
113, 1636486464459, 1636486465119, 660
114, 1636486465119, 1636486465763, 644
115, 1636486465763, 1636486466411, 648
116, 1636486466411, 1636486467063, 652
117, 1636486467063, 1636486467659, 596
118, 1636486467659, 1636486468255, 596
119, 1636486468255, 1636486468851, 596
120, 1636486468851, 1636486469443, 592
121, 1636486469443, 1636486470051, 608
122, 1636486470051, 1636486470651, 600
123, 1636486470651, 1636486471243, 592
124, 1636486471243, 1636486471835, 592
125, 1636486471835, 1636486472435, 600
126, 1636486472435, 1636486473035, 600
127, 1636486473035, 1636486473631, 596
128, 1636486473631, 1636486474227, 596
129, 1636486474228, 1636486474823, 595
130, 1636486474823, 1636486475415, 592
131, 1636486475415, 1636486476011, 596
132, 1636486476011, 1636486476607, 596
133, 1636486476607, 1636486477207, 600
134, 1636486477207, 1636486477803, 596
135, 1636486477803, 1636486478395, 592
136, 1636486478395, 1636486478991, 596
137, 1636486478991, 1636486479587, 596
138, 1636486479587, 1636486480191, 604
139, 1636486480191, 1636486480787, 596
140, 1636486480787, 1636486481379, 592
141, 1636486481379, 1636486481983, 604
142, 1636486481983, 1636486482587, 604
143, 1636486482587, 1636486483187, 600
144, 1636486483187, 1636486483779, 592
145, 1636486483779, 1636486484371, 592
146, 1636486484371, 1636486484967, 596
147, 1636486484967, 1636486485563, 596
148, 1636486485563, 1636486486163, 600
149, 1636486486163, 1636486486755, 592
150, 1636486486755, 1636486487351, 596
151, 1636486487351, 1636486487947, 596
152, 1636486487947, 1636486488539, 592
153, 1636486488539, 1636486489143, 604
154, 1636486489143, 1636486489739, 596
155, 1636486489739, 1636486490331, 592
156, 1636486490331, 1636486490927, 596
157, 1636486490927, 1636486491523, 596
158, 1636486491523, 1636486492115, 592
159, 1636486492115, 1636486492715, 600
160, 1636486492715, 1636486493311, 596
161, 1636486493311, 1636486493903, 592
162, 1636486493903, 1636486494495, 592
163, 1636486494495, 1636486495087, 592
164, 1636486495087, 1636486495683, 596
165, 1636486495683, 1636486496283, 600
166, 1636486496283, 1636486496875, 592
167, 1636486496875, 1636486497467, 592
168, 1636486497467, 1636486498059, 592
169, 1636486498059, 1636486498651, 592
170, 1636486498651, 1636486499243, 592
171, 1636486499243, 1636486499839, 596
172, 1636486499839, 1636486500431, 592
173, 1636486500431, 1636486501023, 592
174, 1636486501023, 1636486501615, 592
175, 1636486501615, 1636486502207, 592
176, 1636486502207, 1636486502799, 592
177, 1636486502799, 1636486503391, 592
178, 1636486503391, 1636486503991, 600
179, 1636486503991, 1636486504591, 600
180, 1636486504591, 1636486505183, 592
181, 1636486505183, 1636486505775, 592
182, 1636486505775, 1636486506371, 596
183, 1636486506371, 1636486506963, 592
184, 1636486506963, 1636486507559, 596
185, 1636486507559, 1636486508151, 592
186, 1636486508151, 1636486508747, 596
187, 1636486508747, 1636486509339, 592
188, 1636486509339, 1636486509935, 596
189, 1636486509935, 1636486510531, 596
190, 1636486510531, 1636486511123, 592
191, 1636486511123, 1636486511719, 596
192, 1636486511719, 1636486512315, 596
193, 1636486512315, 1636486512911, 596
194, 1636486512911, 1636486513503, 592
195, 1636486513503, 1636486514095, 592
196, 1636486514095, 1636486514687, 592
197, 1636486514687, 1636486515287, 600
198, 1636486515287, 1636486515883, 596
199, 1636486515883, 1636486516479, 596
200, 1636486516479, 1636486517075, 596
