TXid, StartTime, EndTime, ResponseTime, Aborted
1, 1636486380557, 1636486381469, 912
2, 1636486381491, 1636486382193, 702
3, 1636486382193, 1636486382893, 700
4, 1636486382893, 1636486383592, 699
5, 1636486383593, 1636486384297, 704
6, 1636486384297, 1636486385001, 704
7, 1636486385001, 1636486385709, 708
8, 1636486385709, 1636486386409, 700
9, 1636486386409, 1636486387112, 703
10, 1636486387113, 1636486387817, 704
11, 1636486387817, 1636486388509, 692
12, 1636486388509, 1636486389217, 708
13, 1636486389217, 1636486389909, 692
14, 1636486389909, 1636486390605, 696
15, 1636486390605, 1636486391304, 699
16, 1636486391305, 1636486392013, 708
17, 1636486392013, 1636486392675, 662
18, 1636486392675, 1636486393287, 612
19, 1636486393287, 1636486393899, 612
20, 1636486393899, 1636486394507, 608
21, 1636486394507, 1636486395135, 628
22, 1636486395135, 1636486395739, 604
23, 1636486395739, 1636486396347, 608
24, 1636486396347, 1636486396951, 604
25, 1636486396951, 1636486397567, 616
26, 1636486397567, 1636486398171, 604
27, 1636486398171, 1636486398783, 612
28, 1636486398783, 1636486399387, 604
29, 1636486399387, 1636486399995, 608
30, 1636486399995, 1636486400599, 604
31, 1636486400599, 1636486401207, 608
32, 1636486401207, 1636486401815, 608
33, 1636486401815, 1636486402419, 604
34, 1636486402419, 1636486403019, 600
35, 1636486403019, 1636486403627, 608
36, 1636486403627, 1636486404231, 604
37, 1636486404231, 1636486404835, 604
38, 1636486404835, 1636486405439, 604
39, 1636486405439, 1636486406043, 604
40, 1636486406043, 1636486406651, 608
41, 1636486406651, 1636486407255, 604
42, 1636486407255, 1636486407855, 600
43, 1636486407855, 1636486408459, 604
44, 1636486408459, 1636486409063, 604
45, 1636486409063, 1636486409667, 604
46, 1636486409667, 1636486410267, 600
47, 1636486410267, 1636486410875, 608
48, 1636486410875, 1636486411479, 604
49, 1636486411479, 1636486412079, 600
50, 1636486412079, 1636486412683, 604
51, 1636486412683, 1636486413291, 608
52, 1636486413291, 1636486413891, 600
53, 1636486413891, 1636486414491, 600
54, 1636486414491, 1636486415095, 604
55, 1636486415095, 1636486415691, 596
56, 1636486415691, 1636486416299, 608
57, 1636486416299, 1636486416899, 600
58, 1636486416899, 1636486417503, 604
59, 1636486417503, 1636486418111, 608
60, 1636486418111, 1636486418715, 604
61, 1636486418715, 1636486419319, 604
62, 1636486419319, 1636486419919, 600
63, 1636486419919, 1636486420519, 600
64, 1636486420519, 1636486421119, 600
65, 1636486421119, 1636486421723, 604
66, 1636486421723, 1636486422327, 604
67, 1636486422327, 1636486422931, 604
68, 1636486422931, 1636486423527, 596
69, 1636486423527, 1636486424123, 596
70, 1636486424123, 1636486424723, 600
71, 1636486424723, 1636486425327, 604
72, 1636486425327, 1636486425927, 600
73, 1636486425927, 1636486426527, 600
74, 1636486426527, 1636486427127, 600
75, 1636486427127, 1636486427723, 596
76, 1636486427723, 1636486428327, 604
77, 1636486428327, 1636486428923, 596
78, 1636486428923, 1636486429523, 600
79, 1636486429523, 1636486430123, 600
80, 1636486430123, 1636486430723, 600
81, 1636486430723, 1636486431323, 600
82, 1636486431323, 1636486431923, 600
83, 1636486431923, 1636486432519, 596
84, 1636486432519, 1636486433115, 596
85, 1636486433115, 1636486433715, 600
86, 1636486433715, 1636486434319, 604
87, 1636486434319, 1636486434915, 596
88, 1636486434915, 1636486435511, 596
89, 1636486435511, 1636486436111, 600
90, 1636486436111, 1636486436711, 600
91, 1636486436711, 1636486437311, 600
92, 1636486437311, 1636486437907, 596
93, 1636486437907, 1636486438503, 596
94, 1636486438503, 1636486439103, 600
95, 1636486439103, 1636486439707, 604
96, 1636486439707, 1636486440303, 596
97, 1636486440303, 1636486440903, 600
98, 1636486440903, 1636486441499, 596
99, 1636486441499, 1636486442095, 596
100, 1636486442095, 1636486442695, 600
