TXid, StartTime, EndTime, ResponseTime, Aborted
256, 1636486561071, 1636486561679, 608
257, 1636486561679, 1636486562291, 612
258, 1636486562291, 1636486562903, 612
259, 1636486562903, 1636486563511, 608
260, 1636486563511, 1636486564123, 612
261, 1636486564123, 1636486564731, 608
262, 1636486564731, 1636486565339, 608
263, 1636486565339, 1636486565947, 608
264, 1636486565947, 1636486566555, 608
265, 1636486566555, 1636486567167, 612
266, 1636486567167, 1636486567775, 608
267, 1636486567775, 1636486568383, 608
268, 1636486568383, 1636486568991, 608
269, 1636486568991, 1636486569599, 608
270, 1636486569599, 1636486570207, 608
271, 1636486570207, 1636486570823, 616
272, 1636486570823, 1636486571431, 608
273, 1636486571431, 1636486572043, 612
274, 1636486572043, 1636486572659, 616
275, 1636486572659, 1636486573267, 608
276, 1636486573267, 1636486573875, 608
277, 1636486573875, 1636486574483, 608
278, 1636486574483, 1636486575091, 608
279, 1636486575091, 1636486575699, 608
280, 1636486575699, 1636486576307, 608
281, 1636486576307, 1636486576919, 612
282, 1636486576919, 1636486577535, 616
283, 1636486577535, 1636486578143, 608
284, 1636486578143, 1636486578751, 608
285, 1636486578751, 1636486579359, 608
286, 1636486579359, 1636486579967, 608
287, 1636486579967, 1636486580575, 608
288, 1636486580575, 1636486581183, 608
289, 1636486581183, 1636486581807, 624
290, 1636486581807, 1636486582415, 608
291, 1636486582415, 1636486583023, 608
292, 1636486583023, 1636486583631, 608
293, 1636486583631, 1636486584243, 612
294, 1636486584243, 1636486584859, 616
295, 1636486584859, 1636486585471, 612
296, 1636486585471, 1636486586083, 612
297, 1636486586083, 1636486586691, 608
298, 1636486586691, 1636486587299, 608
299, 1636486587299, 1636486587911, 612
300, 1636486587911, 1636486588519, 608
201, 1636486526704, 1636486527447, 743
202, 1636486527447, 1636486528103, 656
203, 1636486528103, 1636486528759, 656
204, 1636486528759, 1636486529411, 652
205, 1636486529411, 1636486530063, 652
206, 1636486530063, 1636486530715, 652
207, 1636486530715, 1636486531371, 656
208, 1636486531371, 1636486532027, 656
209, 1636486532027, 1636486532679, 652
210, 1636486532679, 1636486533331, 652
211, 1636486533331, 1636486533987, 656
212, 1636486533987, 1636486534651, 664
213, 1636486534651, 1636486535303, 652
214, 1636486535303, 1636486535955, 652
215, 1636486535955, 1636486536615, 660
216, 1636486536615, 1636486537271, 656
217, 1636486537271, 1636486537879, 608
218, 1636486537879, 1636486538487, 608
219, 1636486538487, 1636486539099, 612
220, 1636486539099, 1636486539707, 608
221, 1636486539707, 1636486540315, 608
222, 1636486540315, 1636486540927, 612
223, 1636486540927, 1636486541535, 608
224, 1636486541535, 1636486542147, 612
225, 1636486542147, 1636486542755, 608
226, 1636486542755, 1636486543363, 608
227, 1636486543363, 1636486543971, 608
228, 1636486543971, 1636486544583, 612
229, 1636486544583, 1636486545195, 612
230, 1636486545195, 1636486545803, 608
231, 1636486545803, 1636486546411, 608
232, 1636486546411, 1636486547019, 608
233, 1636486547019, 1636486547635, 616
234, 1636486547635, 1636486548251, 616
235, 1636486548251, 1636486548859, 608
236, 1636486548859, 1636486549471, 612
237, 1636486549471, 1636486550083, 612
238, 1636486550083, 1636486550691, 608
239, 1636486550691, 1636486551299, 608
240, 1636486551299, 1636486551911, 612
241, 1636486551911, 1636486552519, 608
242, 1636486552519, 1636486553131, 612
243, 1636486553131, 1636486553739, 608
244, 1636486553739, 1636486554347, 608
245, 1636486554347, 1636486554963, 616
246, 1636486554963, 1636486555571, 608
247, 1636486555571, 1636486556187, 616
248, 1636486556187, 1636486556795, 608
249, 1636486556795, 1636486557407, 612
250, 1636486557407, 1636486558015, 608
251, 1636486558015, 1636486558623, 608
252, 1636486558623, 1636486559239, 616
253, 1636486559239, 1636486559851, 612
254, 1636486559851, 1636486560463, 612
255, 1636486560463, 1636486561071, 608
