TXid, StartTime, EndTime, ResponseTime, Aborted
301, 1636486623816, 1636486624740, 924
302, 1636486624740, 1636486625559, 819
303, 1636486625559, 1636486626371, 812
304, 1636486626371, 1636486627187, 816
305, 1636486627187, 1636486628007, 820
306, 1636486628007, 1636486628819, 812
307, 1636486628819, 1636486629639, 820
308, 1636486629639, 1636486630451, 812
309, 1636486630451, 1636486631263, 812
310, 1636486631263, 1636486632079, 816
311, 1636486632079, 1636486632895, 816
312, 1636486632895, 1636486633715, 820
313, 1636486633715, 1636486634531, 816
314, 1636486634531, 1636486635343, 812
315, 1636486635343, 1636486636155, 812
316, 1636486636155, 1636486636975, 820
317, 1636486636975, 1636486637623, 648
318, 1636486637623, 1636486638267, 644
319, 1636486638267, 1636486638911, 644
320, 1636486638911, 1636486639551, 640
321, 1636486639551, 1636486640191, 640
322, 1636486640191, 1636486640831, 640
323, 1636486640831, 1636486641471, 640
324, 1636486641471, 1636486642111, 640
325, 1636486642111, 1636486642751, 640
326, 1636486642751, 1636486643391, 640
327, 1636486643391, 1636486644035, 644
328, 1636486644035, 1636486644679, 644
329, 1636486644679, 1636486645323, 644
330, 1636486645323, 1636486645963, 640
331, 1636486645963, 1636486646603, 640
332, 1636486646603, 1636486647243, 640
333, 1636486647243, 1636486647903, 660
334, 1636486647903, 1636486648543, 640
335, 1636486648543, 1636486649187, 644
336, 1636486649187, 1636486649831, 644
337, 1636486649831, 1636486650475, 644
338, 1636486650475, 1636486651123, 648
339, 1636486651123, 1636486651763, 640
340, 1636486651763, 1636486652403, 640
341, 1636486652403, 1636486653043, 640
342, 1636486653043, 1636486653683, 640
343, 1636486653683, 1636486654327, 644
344, 1636486654327, 1636486654975, 648
345, 1636486654975, 1636486655619, 644
346, 1636486655619, 1636486656263, 644
347, 1636486656263, 1636486656903, 640
348, 1636486656903, 1636486657543, 640
349, 1636486657543, 1636486658187, 644
350, 1636486658187, 1636486658835, 648
351, 1636486658835, 1636486659471, 636
352, 1636486659471, 1636486660123, 652
353, 1636486660123, 1636486660767, 644
354, 1636486660767, 1636486661415, 648
355, 1636486661415, 1636486662059, 644
356, 1636486662059, 1636486662699, 640
357, 1636486662699, 1636486663343, 644
358, 1636486663343, 1636486663987, 644
359, 1636486663987, 1636486664631, 644
360, 1636486664631, 1636486665271, 640
361, 1636486665271, 1636486665915, 644
362, 1636486665915, 1636486666555, 640
363, 1636486666555, 1636486667195, 640
364, 1636486667195, 1636486667843, 648
365, 1636486667843, 1636486668483, 640
366, 1636486668483, 1636486669127, 644
367, 1636486669127, 1636486669771, 644
368, 1636486669771, 1636486670411, 640
369, 1636486670411, 1636486671051, 640
370, 1636486671051, 1636486671691, 640
371, 1636486671691, 1636486672331, 640
372, 1636486672331, 1636486672971, 640
373, 1636486672971, 1636486673611, 640
374, 1636486673611, 1636486674255, 644
375, 1636486674255, 1636486674891, 636
376, 1636486674891, 1636486675531, 640
377, 1636486675531, 1636486676171, 640
378, 1636486676171, 1636486676811, 640
379, 1636486676811, 1636486677455, 644
380, 1636486677455, 1636486678099, 644
381, 1636486678099, 1636486678739, 640
382, 1636486678739, 1636486679383, 644
383, 1636486679383, 1636486680023, 640
384, 1636486680023, 1636486680667, 644
385, 1636486680667, 1636486681315, 648
386, 1636486681315, 1636486681967, 652
387, 1636486681967, 1636486682607, 640
388, 1636486682607, 1636486683251, 644
389, 1636486683251, 1636486683891, 640
390, 1636486683891, 1636486684539, 648
391, 1636486684539, 1636486685191, 652
392, 1636486685191, 1636486685831, 640
393, 1636486685831, 1636486686471, 640
394, 1636486686471, 1636486687119, 648
395, 1636486687119, 1636486687759, 640
396, 1636486687759, 1636486688399, 640
397, 1636486688399, 1636486689035, 636
398, 1636486689035, 1636486689679, 644
399, 1636486689679, 1636486690319, 640
400, 1636486690319, 1636486690959, 640
