TXid, StartTime, EndTime, ResponseTime, Aborted
514, 1636467449079, 1636467449695, 616
517, 1636467449695, 1636467450310, 615
520, 1636467450311, 1636467450926, 615
523, 1636467450926, 1636467451551, 625
526, 1636467451551, 1636467452167, 616
529, 1636467452167, 1636467452778, 611
532, 1636467452779, 1636467453391, 612
535, 1636467453391, 1636467453999, 608
538, 1636467453999, 1636467454611, 612
540, 1636467454611, 1636467455223, 612
542, 1636467455223, 1636467455834, 611
544, 1636467455835, 1636467456446, 611
546, 1636467456447, 1636467457063, 616
548, 1636467457063, 1636467457675, 612
550, 1636467457675, 1636467458287, 612
552, 1636467458287, 1636467458903, 616
554, 1636467458903, 1636467459519, 616
556, 1636467459519, 1636467460131, 612
558, 1636467460131, 1636467460743, 612
560, 1636467460743, 1636467461355, 612
562, 1636467461355, 1636467461966, 611
564, 1636467461967, 1636467462583, 616
53, 1636467354406, 1636467355386, 980
566, 1636467462583, 1636467463199, 616
568, 1636467463199, 1636467463811, 612
58, 1636467355398, 1636467356071, 673
570, 1636467463811, 1636467464427, 616
572, 1636467464427, 1636467465039, 612
61, 1636467356071, 1636467356739, 668
574, 1636467465039, 1636467465655, 616
64, 1636467356739, 1636467357407, 668
576, 1636467465655, 1636467466267, 612
578, 1636467466267, 1636467466887, 620
67, 1636467357407, 1636467358075, 668
580, 1636467466887, 1636467467503, 616
70, 1636467358075, 1636467358739, 664
582, 1636467467503, 1636467468115, 612
584, 1636467468115, 1636467468735, 620
73, 1636467358739, 1636467359403, 664
585, 1636467468735, 1636467469342, 607
586, 1636467469343, 1636467469963, 620
587, 1636467469963, 1636467470583, 620
76, 1636467359403, 1636467360063, 660
588, 1636467470583, 1636467471203, 620
589, 1636467471203, 1636467471827, 624
590, 1636467471827, 1636467472447, 620
79, 1636467360063, 1636467360727, 664
591, 1636467472447, 1636467473063, 616
592, 1636467473063, 1636467473691, 628
593, 1636467473691, 1636467474307, 616
82, 1636467360727, 1636467361391, 664
594, 1636467474307, 1636467474922, 615
595, 1636467474923, 1636467475547, 624
596, 1636467475547, 1636467476171, 624
597, 1636467476171, 1636467476795, 624
86, 1636467361391, 1636467362055, 664
598, 1636467476795, 1636467477415, 620
599, 1636467477415, 1636467478027, 612
600, 1636467478027, 1636467478647, 620
89, 1636467362055, 1636467362727, 672
92, 1636467362727, 1636467363383, 656
96, 1636467363383, 1636467364039, 656
99, 1636467364039, 1636467364699, 660
102, 1636467364699, 1636467365371, 672
105, 1636467365371, 1636467365986, 615
108, 1636467365986, 1636467366603, 617
111, 1636467366603, 1636467367219, 616
114, 1636467367219, 1636467367835, 616
117, 1636467367835, 1636467368455, 620
120, 1636467368455, 1636467369071, 616
123, 1636467369071, 1636467369691, 620
126, 1636467369691, 1636467370307, 616
129, 1636467370307, 1636467370923, 616
132, 1636467370923, 1636467371539, 616
135, 1636467371539, 1636467372155, 616
138, 1636467372155, 1636467372771, 616
141, 1636467372771, 1636467373387, 616
144, 1636467373387, 1636467374003, 616
147, 1636467374003, 1636467374619, 616
150, 1636467374619, 1636467375239, 620
153, 1636467375239, 1636467375855, 616
156, 1636467375855, 1636467376471, 616
159, 1636467376471, 1636467377087, 616
162, 1636467377087, 1636467377703, 616
165, 1636467377703, 1636467378323, 620
168, 1636467378323, 1636467378939, 616
171, 1636467378939, 1636467379547, 608
174, 1636467379547, 1636467380163, 616
177, 1636467380163, 1636467380779, 616
180, 1636467380779, 1636467381395, 616
183, 1636467381395, 1636467382011, 616
186, 1636467382011, 1636467382623, 612
189, 1636467382623, 1636467383239, 616
192, 1636467383239, 1636467383855, 616
195, 1636467383855, 1636467384467, 612
198, 1636467384467, 1636467385082, 615
201, 1636467385082, 1636467385699, 617
204, 1636467385699, 1636467386315, 616
207, 1636467386315, 1636467386923, 608
210, 1636467386923, 1636467387539, 616
213, 1636467387539, 1636467388159, 620
216, 1636467388159, 1636467388771, 612
219, 1636467388771, 1636467389383, 612
222, 1636467389383, 1636467389999, 616
225, 1636467389999, 1636467390615, 616
228, 1636467390615, 1636467391231, 616
231, 1636467391231, 1636467391847, 616
234, 1636467391847, 1636467392463, 616
237, 1636467392463, 1636467393079, 616
241, 1636467393079, 1636467393695, 616
244, 1636467393695, 1636467394307, 612
247, 1636467394307, 1636467394923, 616
250, 1636467394923, 1636467395543, 620
253, 1636467395543, 1636467396155, 612
256, 1636467396155, 1636467396771, 616
259, 1636467396771, 1636467397387, 616
262, 1636467397387, 1636467398003, 616
265, 1636467398003, 1636467398615, 612
268, 1636467398615, 1636467399235, 620
271, 1636467399235, 1636467399851, 616
274, 1636467399851, 1636467400455, 604
277, 1636467400455, 1636467401070, 615
280, 1636467401071, 1636467401687, 616
283, 1636467401687, 1636467402307, 620
286, 1636467402307, 1636467402923, 616
289, 1636467402923, 1636467403539, 616
292, 1636467403539, 1636467404155, 616
295, 1636467404155, 1636467404767, 612
298, 1636467404767, 1636467405379, 612
301, 1636467405379, 1636467406007, 628
304, 1636467406007, 1636467406623, 616
307, 1636467406623, 1636467407239, 616
310, 1636467407239, 1636467407855, 616
313, 1636467407855, 1636467408470, 615
316, 1636467408471, 1636467409087, 616
319, 1636467409087, 1636467409698, 611
322, 1636467409699, 1636467410315, 616
325, 1636467410315, 1636467410935, 620
328, 1636467410935, 1636467411547, 612
331, 1636467411547, 1636467412167, 620
334, 1636467412167, 1636467412779, 612
337, 1636467412779, 1636467413395, 616
340, 1636467413395, 1636467414007, 612
343, 1636467414007, 1636467414623, 616
346, 1636467414623, 1636467415235, 612
349, 1636467415235, 1636467415851, 616
352, 1636467415851, 1636467416471, 620
355, 1636467416471, 1636467417087, 616
357, 1636467417087, 1636467417703, 616
360, 1636467417703, 1636467418319, 616
363, 1636467418319, 1636467418935, 616
366, 1636467418935, 1636467419551, 616
369, 1636467419551, 1636467420167, 616
372, 1636467420167, 1636467420783, 616
375, 1636467420783, 1636467421395, 612
378, 1636467421395, 1636467422011, 616
381, 1636467422011, 1636467422627, 616
384, 1636467422627, 1636467423239, 612
387, 1636467423239, 1636467423851, 612
390, 1636467423851, 1636467424471, 620
393, 1636467424471, 1636467425087, 616
396, 1636467425087, 1636467425707, 620
399, 1636467425707, 1636467426318, 611
402, 1636467426318, 1636467426931, 613
405, 1636467426931, 1636467427551, 620
408, 1636467427551, 1636467428166, 615
411, 1636467428167, 1636467428779, 612
414, 1636467428779, 1636467429394, 615
417, 1636467429395, 1636467430015, 620
420, 1636467430015, 1636467430623, 608
423, 1636467430623, 1636467431243, 620
426, 1636467431243, 1636467431855, 612
429, 1636467431855, 1636467432467, 612
432, 1636467432467, 1636467433083, 616
435, 1636467433083, 1636467433699, 616
438, 1636467433699, 1636467434314, 615
441, 1636467434315, 1636467434927, 612
444, 1636467434927, 1636467435539, 612
447, 1636467435539, 1636467436151, 612
450, 1636467436151, 1636467436763, 612
453, 1636467436763, 1636467437375, 612
456, 1636467437375, 1636467437987, 612
459, 1636467437987, 1636467438603, 616
462, 1636467438603, 1636467439222, 619
465, 1636467439222, 1636467439838, 616
468, 1636467439839, 1636467440455, 616
471, 1636467440455, 1636467441071, 616
474, 1636467441071, 1636467441683, 612
477, 1636467441683, 1636467442299, 616
480, 1636467442299, 1636467442915, 616
483, 1636467442915, 1636467443531, 616
486, 1636467443531, 1636467444146, 615
490, 1636467444147, 1636467444763, 616
493, 1636467444763, 1636467445383, 620
496, 1636467445383, 1636467445995, 612
499, 1636467445995, 1636467446615, 620
502, 1636467446615, 1636467447230, 615
505, 1636467447231, 1636467447846, 615
508, 1636467447846, 1636467448463, 617
511, 1636467448463, 1636467449078, 615
